1	2134284	2310151	ENSMUSG00000073684
1	42577037	42840003	ENSMUSG00000028639
1	86493384	86719509	ENSMUSG00000028262
1	86493384	86719509	ENSMUSG00000037033
1	86493384	86719509	ENSMUSG00000056025
1	92736418	92876567	ENSMUSG00000058558
1	153237399	153534759	ENSMUSG00000063767
1	159218919	159478969	ENSMUSG00000058981
1	159218919	159478969	ENSMUSG00000062527
11	4690793	5581774	ENSMUSG00000047544
11	4690793	5581774	ENSMUSG00000049797
11	4690793	5581774	ENSMUSG00000073950
11	4690793	5581774	ENSMUSG00000090219
11	4690793	5581774	ENSMUSG00000110012
11	5801086	6214720	ENSMUSG00000048425
11	6654769	6897852	ENSMUSG00000045013
11	7704613	8034543	ENSMUSG00000051200
11	48110031	49952593	ENSMUSG00000051313
11	48110031	49952593	ENSMUSG00000059112
11	48110031	49952593	ENSMUSG00000061295
11	56775826	57158817	ENSMUSG00000075217
11	60468257	60853456	ENSMUSG00000024728
11	112420907	112467666	ENSMUSG00000058443
11	124185806	124617311	ENSMUSG00000066749
12	55185714	55790565	ENSMUSG00000111273
12	111842236	112160327	ENSMUSG00000072647
12	117907469	118149780	ENSMUSG00000032959
13	45283515	45476236	ENSMUSG00000060126
13	50844888	51232035	ENSMUSG00000021933
14	37164523	37244959	ENSMUSG00000079104
16	1113334	1345277	ENSMUSG00000056399
17	3030955	3469290	ENSMUSG00000070374
17	3030955	3469290	ENSMUSG00000070375
17	41008954	41275722	ENSMUSG00000044649
17	41008954	41275722	ENSMUSG00000063251
17	41008954	41275722	ENSMUSG00000069718
17	41491422	41552084	ENSMUSG00000044041
17	75128726	75391183	ENSMUSG00000020737
19	5622539	6016173	ENSMUSG00000002379
19	5622539	6016173	ENSMUSG00000057863
2	117693289	117915610	ENSMUSG00000050534
2	233523205	233779694	ENSMUSG00000081984
20	23440444	24183880	ENSMUSG00000027443
20	23440444	24183880	ENSMUSG00000036924
20	33040249	33561870	ENSMUSG00000038572
20	62812900	62891152	ENSMUSG00000027570
21	33162495	33384949	ENSMUSG00000022971
3	46744650	46847719	ENSMUSG00000032493
3	51721810	51935219	ENSMUSG00000023577
3	119093920	119176274	ENSMUSG00000022798
3	183867861	183981761	ENSMUSG00000022818
4	122710737	122827273	ENSMUSG00000045031
5	135895434	135952916	ENSMUSG00000035509
6	24883992	25433279	ENSMUSG00000016756
6	132503457	132734611	ENSMUSG00000069707
6	132503457	132734611	ENSMUSG00000069708
7	123784477	124049207	ENSMUSG00000029679
7	142255532	142844423	ENSMUSG00000029883
8	11226515	11558020	ENSMUSG00000021953
8	39230247	39677438	ENSMUSG00000031553
8	39230247	39677438	ENSMUSG00000031554
9	5090816	5449940	ENSMUSG00000039097
9	30907167	31811299	ENSMUSG00000028287
9	35846843	36045708	ENSMUSG00000044801
9	35846843	36045708	ENSMUSG00000071000
9	86022258	86272029	ENSMUSG00000049902
9	121341240	121529664	ENSMUSG00000035778
