20	50081127	50113258	ENSMUSG00000078923
3	130244494	130264171	ENSMUSG00000032572
18	35290366	35306215	ENSMUSG00000063281
12	6867383	6870974	ENSMUSG00000023456
2	55284026	55287618	ENSMUSG00000032673
1	225119276	225402030	ENSMUSG00000047369
1	11654670	11662291	ENSMUSG00000029001
11	57741398	57743051	ENSMUSG00000076437
2	200871146	200889344	ENSMUSG00000026035
3	101649455	101651246	ENSMUSG00000071533
16	30903476	30916648	ENSMUSG00000060034
1	165662222	165669300	ENSMUSG00000026687
14	74713131	74735515	ENSMUSG00000021243
10	96981388	96985134	ENSMUSG00000090673
7	92412213	92446797	ENSMUSG00000014529
17	2720796	2749552	ENSMUSG00000069814
20	35558716	35607494	ENSMUSG00000013338
10	79922664	79923685	ENSMUSG00000037780
15	33235550	33247562	ENSMUSG00000041255
3	100184036	100208048	ENSMUSG00000022753
11	125727699	125727710	ENSMUSG00000091174
1	228463991	228464614	ENSMUSG00000056895
3	62398353	62875369	ENSMUSG00000054423
19	35739244	35745403	ENSMUSG00000109378
19	35742523	35745446	ENSMUSG00000078765
11	124158593	124163897	ENSMUSG00000059366
19	55354906	55363255	ENSMUSG00000092518
17	48892796	48900873	ENSMUSG00000006057
12	55830949	55836245	ENSMUSG00000047090
14	102079450	102082210	ENSMUSG00000021270
7	44796215	44801630	ENSMUSG00000071866
1	110480739	110491272	ENSMUSG00000046213
4	108620519	108625258	ENSMUSG00000062006
1	108815892	108858258	ENSMUSG00000049565
12	53665170	53677380	ENSMUSG00000062683
1	84364378	84426487	ENSMUSG00000028186
8	98041721	98046331	ENSMUSG00000058600
19	415693	461317	ENSMUSG00000020312
7	12686814	12725669	ENSMUSG00000047446
2	74414180	74421705	ENSMUSG00000030030
22	41948418	41952327	ENSMUSG00000068099
2	38751509	38765427	ENSMUSG00000046196
1	6185037	6193049	ENSMUSG00000028936
5	33936010	33940312	ENSMUSG00000060735
17	752293	753606	ENSMUSG00000038057
11	4654469	4666180	ENSMUSG00000066273
2	61187925	61189672	ENSMUSG00000020288
5	94191450	94512046	ENSMUSG00000071252
6	5196952	5216617	ENSMUSG00000046573
21	5035880	5047043	ENSMUSG00000000732_region_1
21	44216620	44241023	ENSMUSG00000000732_region_2
X	10738296	10738952	ENSMUSG00000055357
17	44903632	44905191	ENSMUSG00000075510
12	103861155	103930059	ENSMUSG00000044937
X	138631572	139205016	ENSMUSG00000031137
1	84344508	84350798	ENSMUSG00000090202
3	197950163	197955853	ENSMUSG00000060636
1	23191905	23193324	ENSMUSG00000070687
4	74132996	74133763	ENSMUSG00000029380
12	48525531	48525726	ENSMUSG00000056184
19	49015925	49017214	ENSMUSG00000100916
9	77794125	78031721	ENSMUSG00000024639
17	63849303	63865990	ENSMUSG00000020712
3	46719488	46735974	ENSMUSG00000049719
11	67612652	67616593	ENSMUSG00000024871
1	202986881	202989333	ENSMUSG00000050526
20	1828121	1830487	ENSMUSG00000043727
2	200731024	200732625	ENSMUSG00000038242
11	65213876	65243445	ENSMUSG00000037451
15	74920276	74938068	ENSMUSG00000000088
10	68901280	68946718	ENSMUSG00000020076
4	113451049	113733894	ENSMUSG00000053819
5	141241009	141245348	ENSMUSG00000044022
4	108650579	108668033	ENSMUSG00000041084
4	76251736	76283781	ENSMUSG00000057068
7	16526825	16557360	ENSMUSG00000020545
4	7036002	7042922	ENSMUSG00000050677
11	3637173	3637656	ENSMUSG00000100254
11	3637173	3638496	ENSMUSG00000070425_region_1
11	71917670	71928459	ENSMUSG00000070425_region_2
5	82275800	82276491	ENSMUSG00000049517
8	138586187	138913948	ENSMUSG00000079022
5	141199724	141203019	ENSMUSG00000044043
9	111653510	111655464	ENSMUSG00000070972
1	171137744	171161574	ENSMUSG00000095576
13	36168162	36174838	ENSMUSG00000027794
12	106951713	106955474	ENSMUSG00000050035
1	246771598	246839684	ENSMUSG00000087236
2	25451556	25673640	ENSMUSG00000071454
9	104275718	104277671	ENSMUSG00000028314
